50 1225
0 25 43 21 10 33 99 12 4 31 55 12 88 43 21 10 33 67 12 4 31 55 12 88 43 21 10 33 67 12 4 31 55 12 88 43 21 10 33 67 12 4 31 55 12 88 43 21 10 33
25 0 15 29 28 40 72 21 29 41 11 82 33 15 29 28 40 72 21 29 41 11 82 33 15 29 28 40 72 21 29 41 11 82 33 15 29 28 40 72 21 29 41 11 82 33 15 29 28 40
43 15 0 15 14 25 81 9 23 27 66 34 12 15 14 25 81 9 23 27 66 34 12 15 14 25 81 9 23 27 66 34 12 15 14 25 81 9 23 27 66 34 12 15 14 25 81 9 23 27 66
21 29 15 0 4 12 92 12 25 13 88 19 44 0 4 12 92 12 25 13 88 19 44 0 4 12 92 12 25 13 88 19 44 0 4 12 92 12 25 13 88 19 44 0 4 12 92 12 25 13 88
10 28 14 4 0 16 94 9 20 16 22 77 51 14 4 0 16 94 9 20 16 22 77 51 14 4 0 16 94 9 20 16 22 77 51 14 4 0 16 94 9 20 16 22 77 51 14 4 0 16 22
33 40 25 12 16 0 95 24 36 3 44 10 9 25 12 16 0 95 24 36 3 44 10 9 25 12 16 0 95 24 36 3 44 10 9 25 12 16 0 95 24 36 3 44 10 9 25 12 16 44
99 72 81 92 94 95 0 90 101 99 12 33 45 92 94 95 0 90 101 99 12 33 45 92 94 95 0 90 101 99 12 33 45 92 94 95 0 90 101 99 12 33 45 92 94 95 0 90 12
12 21 9 12 9 24 90 0 15 25 61 22 18 12 9 24 90 0 15 25 61 22 18 12 9 24 90 0 15 25 61 22 18 12 9 24 90 0 15 25 61 22 18 12 9 24 90 0 15 61
4 29 23 25 20 36 101 15 0 35 19 40 22 23 25 20 36 101 15 0 35 19 40 22 23 25 20 36 101 15 0 35 19 40 22 23 25 20 36 101 15 0 35 19 40 22 23 25 0 19
31 41 27 13 16 3 99 25 35 0 71 12 14 13 16 3 99 25 35 0 71 12 14 13 16 3 99 25 35 0 71 12 14 13 16 3 99 25 35 0 71 12 14 13 16 3 99 25 35 0 71
55 11 66 88 22 44 12 61 19 71 0 25 33 66 88 22 44 12 61 19 71 0 25 33 66 88 22 44 12 61 19 71 0 25 33 66 88 22 44 12 61 19 71 0 25 33 66 88 22 0
12 82 34 19 77 10 33 22 40 12 25 0 55 19 77 10 33 22 40 12 25 0 55 19 77 10 33 22 40 12 25 0 55 19 77 10 33 22 40 12 25 0 55 19 77 10 33 22 40 25
88 33 12 44 51 9 45 18 22 14 33 55 0 44 51 9 45 18 22 14 33 55 0 44 51 9 45 18 22 14 33 55 0 44 51 9 45 18 22 14 33 55 0 44 51 9 45 18 22 33
43 15 15 0 14 25 92 12 23 13 66 19 44 0 14 25 92 12 23 13 66 19 44 0 14 25 92 12 23 13 66 19 44 0 14 25 92 12 23 13 66 19 44 0 14 25 92 12 23 66
21 29 14 4 0 12 94 9 25 16 88 77 51 14 0 12 94 9 25 16 88 77 51 14 0 12 94 9 25 16 88 77 51 14 0 12 94 9 25 16 88 77 51 14 0 12 94 9 25 16 88
10 28 25 12 16 0 95 24 20 3 22 10 9 25 12 0 95 24 20 3 22 10 9 25 12 0 95 24 20 3 22 10 9 25 12 0 95 24 20 3 22 10 9 25 12 0 95 24 20 22
33 40 81 92 94 95 0 90 36 99 44 33 45 92 94 95 0 90 36 99 44 33 45 92 94 95 0 90 36 99 44 33 45 92 94 95 0 90 36 99 44 33 45 92 94 95 0 90 36 44
67 72 9 12 9 24 90 0 15 25 12 22 18 12 9 24 90 0 15 25 12 22 18 12 9 24 90 0 15 25 12 22 18 12 9 24 90 0 15 25 12 22 18 12 9 24 90 0 15 12
12 21 23 25 20 36 101 15 0 35 61 40 22 23 25 20 36 101 15 0 35 61 40 22 23 25 20 36 101 15 0 35 61 40 22 23 25 20 36 101 15 0 35 61 40 22 23 25 0 61
4 29 27 13 16 3 99 25 35 0 19 12 14 13 16 3 99 25 35 0 19 12 14 13 16 3 99 25 35 0 19 12 14 13 16 3 99 25 35 0 19 12 14 13 16 3 99 25 35 19
31 41 66 88 22 44 12 61 19 71 71 25 33 66 88 22 44 12 61 19 71 0 25 33 66 88 22 44 12 61 19 71 0 25 33 66 88 22 44 12 61 19 71 0 25 33 66 88 22 0
55 11 34 19 77 10 33 22 40 12 0 0 55 19 77 10 33 22 40 12 0 25 55 19 77 10 33 22 40 12 0 25 55 19 77 10 33 22 40 12 0 25 55 19 77 10 33 22 40 25
12 82 12 44 51 9 45 18 22 14 25 55 0 44 51 9 45 18 22 14 25 55 0 44 51 9 45 18 22 14 25 55 0 44 51 9 45 18 22 14 25 55 0 44 51 9 45 18 22 14 25
88 33 15 0 14 25 92 12 23 13 33 19 44 0 14 25 92 12 23 13 33 19 44 0 14 25 92 12 23 13 33 19 44 0 14 25 92 12 23 13 33 19 44 0 14 25 92 12 23 33
43 15 14 4 0 12 94 9 25 16 66 77 51 14 0 12 94 9 25 16 66 77 51 14 0 12 94 9 25 16 66 77 51 14 0 12 94 9 25 16 66 77 51 14 0 12 94 9 25 16 66
21 29 25 12 16 0 95 24 20 3 88 10 9 25 12 0 95 24 20 3 88 10 9 25 12 0 95 24 20 3 88 10 9 25 12 0 95 24 20 3 88 10 9 25 12 0 95 24 20 3 88
10 28 81 92 94 95 0 90 36 99 22 33 45 92 94 95 0 90 36 99 22 33 45 92 94 95 0 90 36 99 22 33 45 92 94 95 0 90 36 99 22 33 45 92 94 95 0 90 36 22
33 40 9 12 9 24 90 0 15 25 44 22 18 12 9 24 90 0 15 25 44 22 18 12 9 24 90 0 15 25 44 22 18 12 9 24 90 0 15 25 44 22 18 12 9 24 90 0 15 44
67 72 23 25 20 36 101 15 0 35 12 40 22 23 25 20 36 101 15 0 35 12 40 22 23 25 20 36 101 15 0 35 12 40 22 23 25 20 36 101 15 0 35 12 40 22 23 25 0 12
12 21 27 13 16 3 99 25 35 0 61 12 14 13 16 3 99 25 35 0 61 12 14 13 16 3 99 25 35 0 61 12 14 13 16 3 99 25 35 0 61 12 14 13 16 3 99 25 35 61
4 29 66 88 22 44 12 61 19 71 12 25 33 66 88 22 44 12 61 19 71 0 25 33 66 88 22 44 12 61 19 71 0 25 33 66 88 22 44 12 61 19 71 0 25 33 66 88 22 0
31 41 34 19 77 10 33 22 40 12 19 0 55 19 77 10 33 22 40 12 19 25 55 19 77 10 33 22 40 12 19 25 55 19 77 10 33 22 40 12 19 25 55 19 77 10 33 22 40 19
55 11 12 44 51 9 45 18 22 14 71 55 0 44 51 9 45 18 22 14 71 55 0 44 51 9 45 18 22 14 71 55 0 44 51 9 45 18 22 14 71 55 0 44 51 9 45 18 22 71
12 82 15 0 14 25 92 12 23 13 0 19 44 0 14 25 92 12 23 13 0 19 44 0 14 25 92 12 23 13 0 19 44 0 14 25 92 12 23 13 0 19 44 0 14 25 92 12 23 0
88 33 14 4 0 12 94 9 25 16 25 77 51 14 0 12 94 9 25 16 25 77 51 14 0 12 94 9 25 16 25 77 51 14 0 12 94 9 25 16 25 77 51 14 0 12 94 9 25 16 25
43 15 25 12 16 0 95 24 20 3 33 10 9 25 12 0 95 24 20 3 33 10 9 25 12 0 95 24 20 3 33 10 9 25 12 0 95 24 20 3 33 10 9 25 12 0 95 24 20 33
21 29 81 92 94 95 0 90 36 99 66 33 45 92 94 95 0 90 36 99 66 33 45 92 94 95 0 90 36 99 66 33 45 92 94 95 0 90 36 99 66 33 45 92 94 95 0 90 36 66
10 28 9 12 9 24 90 0 15 25 88 22 18 12 9 24 90 0 15 25 88 22 18 12 9 24 90 0 15 25 88 22 18 12 9 24 90 0 15 25 88 22 18 12 9 24 90 0 15 88
33 40 23 25 20 36 101 15 0 35 22 40 22 23 25 20 36 101 15 0 35 22 40 22 23 25 20 36 101 15 0 35 22 40 22 23 25 20 36 101 15 0 35 22 40 22 23 25 0 22
67 72 27 13 16 3 99 25 35 0 44 12 14 13 16 3 99 25 35 0 44 12 14 13 16 3 99 25 35 0 44 12 14 13 16 3 99 25 35 0 44 12 14 13 16 3 99 25 35 44
12 21 66 88 22 44 12 61 19 71 12 25 33 66 88 22 44 12 61 19 71 0 25 33 66 88 22 44 12 61 19 71 0 25 33 66 88 22 44 12 61 19 71 0 25 33 66 88 22 0
4 29 34 19 77 10 33 22 40 12 61 0 55 19 77 10 33 22 40 12 61 25 55 19 77 10 33 22 40 12 61 25 55 19 77 10 33 22 40 12 61 25 55 19 77 10 33 22 40 61
31 41 12 44 51 9 45 18 22 14 19 55 0 44 51 9 45 18 22 14 19 55 0 44 51 9 45 18 22 14 19 55 0 44 51 9 45 18 22 14 19 55 0 44 51 9 45 18 22 19
55 11 15 0 14 25 92 12 23 13 71 19 44 0 14 25 92 12 23 13 71 19 44 0 14 25 92 12 23 13 71 19 44 0 14 25 92 12 23 13 71 19 44 0 14 25 92 12 23 71
12 82 14 4 0 12 94 9 25 16 0 77 51 14 0 12 94 9 25 16 0 77 51 14 0 12 94 9 25 16 0 77 51 14 0 12 94 9 25 16 0 77 51 14 0 12 94 9 25 16 0
88 33 25 12 16 0 95 24 20 3 25 10 9 25 12 0 95 24 20 3 25 10 9 25 12 0 95 24 20 3 25 10 9 25 12 0 95 24 20 3 25 10 9 25 12 0 95 24 20 25
43 15 81 92 94 95 0 90 36 99 33 33 45 92 94 95 0 90 36 99 33 33 45 92 94 95 0 90 36 99 33 33 45 92 94 95 0 90 36 99 33 33 45 92 94 95 0 90 36 33
21 29 9 12 9 24 90 0 15 25 66 22 18 12 9 24 90 0 15 25 66 22 18 12 9 24 90 0 15 25 66 22 18 12 9 24 90 0 15 25 66 22 18 12 9 24 90 0 15 66
10 28 23 25 20 36 101 15 0 35 88 40 22 23 25 20 36 101 15 0 35 88 40 22 23 25 20 36 101 15 0 35 88 40 22 23 25 20 36 101 15 0 35 88 40 22 23 25 0 88
33 40 27 13 16 3 99 25 35 0 22 12 14 13 16 3 99 25 35 0 22 12 14 13 16 3 99 25 35 0 22 12 14 13 16 3 99 25 35 0 22 12 14 13 16 3 99 25 35 0